# 10 3
1.366245024612606773e-01 9.031467857244027675e-01 3.843520413761902788e-02
8.165620791062843109e-01 1.455869591101954796e-02 1.654796654703694081e-01
5.205750355328565560e-01 4.029460957736595850e-01 8.007584597810311067e-01
4.081625298542150837e-01 9.920921493416626769e-01 8.776037416037147931e-01
7.757422242955583913e-01 1.312942676052190061e-01 2.818000550166767093e-01
3.336833132990884021e-01 8.525674158227294352e-01 1.112063691353468720e-01
7.288663614487900233e-01 4.544674941517928835e-01 2.905426071063365034e-01
6.327015364673352904e-01 6.120763478666517710e-01 2.841674457758938122e-01
6.081764036282570896e-01 5.930666211382851216e-01 7.013881958390066895e-01
3.215269939691183243e-01 3.804358069050841618e-01 4.166781018403319381e-01
